0 1874 DISTRITO POLY_ID
1 5         0.45137476
1 10        0.388471255
1 9        0.275868934
1 6         0.25581706
1 2        0.195306227
1 4       0.0717832248
1 3         0.17863882
1 1807        0.218049773
2 11        0.397584023
2 12        0.387825307
2 9        0.268809633
2 10         0.22776123
2 6        0.190252746
2 1        0.195306227
2 4        0.142550959
2 3       0.0915393861
3 12        0.354218598
3 11        0.344447801
3 1         0.17863882
3 10         0.21016671
3 6        0.106347983
3 4        0.159260195
3 9        0.177809179
3 2       0.0915393861
4 14        0.500464615
4 10        0.358346089
4 9        0.299192943
4 1807        0.282758228
4 6        0.256595775
4 1       0.0717832248
4 2        0.142550959
4 3        0.159260195
5 3        0.519055718
5 6        0.488421961
5 14        0.368623661
5 1         0.45137476
5 9        0.407935806
5 15        0.358891882
5 7        0.306344501
5 1807        0.333102438
6 12        0.286079992
6 4        0.256595775
6 1         0.25581706
6 11        0.256038435
6 3        0.106347983
6 9       0.0920713039
6 10        0.180116411
6 2        0.190252746
7 37        0.595206672
7 22        0.562344234
7 5        0.306344501
7 26        0.550602885
7 8        0.298747423
7 16        0.299113585
7 15         0.28160453
7 14        0.523455177
8 27        0.666129819
8 28        0.653707887
8 15        0.496485102
8 5        0.601377632
8 16        0.154006282
8 22         0.31036291
8 7        0.298747423
8 37        0.512502219
9 4        0.299192943
9 11        0.276199965
9 1        0.275868934
9 10        0.259097175
9 6       0.0920713039
9 2        0.268809633
9 3        0.177809179
9 14        0.210501747
10 13        0.291441555
10 17        0.290076827
10 9        0.259097175
10 2         0.22776123
10 6        0.180116411
10 12        0.162402147
10 11        0.195104819
10 3         0.21016671
11 19        0.309747732
11 6        0.256038435
11 9        0.276199965
11 20        0.221740542
11 13        0.191010883
11 10        0.195104819
11 12       0.0899234744
11 18        0.150450317
12 25        0.294547606
12 6        0.286079992
12 17        0.262382678
12 20        0.262863338
12 13        0.138458251
12 10        0.162402147
12 11       0.0899234744
12 18        0.225558888
13 29        0.289007874
13 18        0.254871409
13 17        0.248057534
13 20         0.22314647
13 23        0.241164338
13 12        0.138458251
13 25        0.166790875
13 11        0.191010883
14 5        0.368623661
14 26         0.33287098
14 19        0.300729065
14 15        0.318992938
14 6        0.292608569
14 9        0.210501747
14 11        0.317106384
14 18         0.27817654
15 8        0.496485102
15 27        0.463368553
15 16        0.402659529
15 19        0.451430904
15 7         0.28160453
15 5        0.358891882
15 26        0.270819018
15 14        0.318992938
16 5        0.598690607
16 26        0.594572749
16 15        0.402659529
16 27        0.512153549
16 8        0.154006282
16 22        0.267684576
16 7        0.299113585
16 37        0.366154436
17 20        0.469480188
17 2        0.468131337
17 10        0.290076827
17 25        0.378287894
17 23        0.279952737
17 12        0.262382678
17 13        0.248057534
17 11        0.352304708
18 14         0.27817654
18 13        0.254871409
18 24         0.22370209
18 12        0.225558888
18 11        0.150450317
18 19        0.160003318
18 20        0.120572762
18 21        0.171069252
19 14        0.300729065
19 32        0.249615092
19 20         0.17999153
19 26         0.24137446
19 21       0.0981136689
19 24       0.0862322722
19 18        0.160003318
19 30         0.20622729
20 13         0.22314647
20 11        0.221740542
20 29        0.197081694
20 25        0.199049663
20 21        0.119186689
20 24        0.195508712
20 18        0.120572762
20 19         0.17999153
21 25        0.292732671
21 32        0.244049282
21 29          0.2331895
21 18        0.171069252
21 24       0.0771947218
21 20        0.119186689
21 19       0.0981136689
21 30        0.168776074
22 27         0.58048548
22 31        0.579794763
22 28         0.34561665
22 40         0.56339553
22 8         0.31036291
22 16        0.267684576
22 37         0.36264345
22 7        0.562344234
23 11        0.431886798
23 20        0.402249639
23 17        0.279952737
23 12        0.367535011
23 34        0.271419919
23 13        0.241164338
23 25        0.215926482
23 29        0.332576427
24 35        0.279687915
24 26        0.257407598
24 20        0.195508712
24 18         0.22370209
24 21       0.0771947218
24 32        0.176565976
24 19       0.0862322722
24 30        0.120605975
25 11         0.31539748
25 18        0.298549276
25 12        0.294547606
25 21        0.292732671
25 23        0.215926482
25 13        0.166790875
25 29        0.137339347
25 20        0.199049663
26 27        0.359020618
26 14         0.33287098
26 15        0.270819018
26 21        0.322559932
26 24        0.257407598
26 19         0.24137446
26 32        0.261715544
26 30        0.305100547
27 44        0.487611993
27 15        0.463368553
27 38        0.430004686
27 46        0.453324603
27 36         0.19517366
27 32         0.41958652
27 37        0.225412921
27 26        0.359020618
28 55        0.548152532
28 37         0.50380734
28 43        0.433766235
28 42        0.435605649
28 31        0.269701557
28 33        0.335888013
28 40         0.23558941
28 22         0.34561665
29 18        0.317573682
29 30        0.295388442
29 24        0.291681485
29 13        0.289007874
29 21          0.2331895
29 20        0.197081694
29 35        0.274010792
29 25        0.137339347
30 26        0.305100547
30 29        0.295388442
30 20        0.278975551
30 19         0.20622729
30 21        0.168776074
30 24        0.120605975
30 32        0.093954511
30 35        0.174614681
31 22        0.579794763
31 55        0.558729354
31 40        0.285480311
31 72        0.509352058
31 33       0.0794895121
31 28        0.269701557
31 42        0.244949488
31 41        0.429373204
32 20        0.361106061
32 36        0.348514798
32 35        0.222223933
32 26        0.261715544
32 21        0.244049282
32 24        0.176565976
32 30        0.093954511
32 19        0.249615092
33 100        0.551253668
33 55        0.534357529
33 28        0.335888013
33 72        0.453430539
33 31       0.0794895121
33 40        0.298772812
33 42        0.177294904
33 41        0.352903845
34 17         0.55004101
34 20        0.533478941
34 29        0.365966788
34 13        0.467900024
34 23        0.271419919
34 54        0.313864378
34 25        0.344924069
34 39        0.310790536
35 20        0.366717348
35 19        0.364047889
35 24        0.279687915
35 59         0.33523065
35 21        0.293722624
35 29        0.274010792
35 30        0.174614681
35 32        0.222223933
36 26        0.419944097
36 53        0.417497941
36 37        0.398845359
36 32        0.348514798
36 27         0.19517366
36 44        0.300303217
36 38        0.240255263
36 46        0.325894235
37 8        0.512502219
37 15         0.50670771
37 28         0.50380734
37 16        0.366154436
37 27        0.225412921
37 36        0.398845359
37 43        0.459277824
37 22         0.36264345
38 60        0.428885824
38 53        0.323419026
38 59        0.297829483
38 83        0.295280256
38 44       0.0613879335
38 46        0.222422137
38 36        0.240255263
38 75        0.294514489
39 23        0.539265455
39 50        0.480792824
39 79        0.513560531
39 66        0.420906036
39 34        0.310790536
39 61         0.33137927
39 48         0.28924461
39 54        0.418281267
40 72         0.39148368
40 56         0.37644996
40 33        0.298772812
40 43        0.322501597
40 31        0.285480311
40 28         0.23558941
40 42        0.288748858
40 55        0.318378438
41 72        0.448769402
41 80        0.432737597
41 33        0.352903845
41 100          0.3798147
41 31        0.429373204
41 49        0.345470141
41 42        0.291396925
41 74        0.309330376
42 74        0.430320195
42 55        0.410168325
42 40        0.288748858
42 100         0.37992285
42 31        0.244949488
42 33        0.177294904
42 72        0.281321288
42 41        0.291396925
43 57        0.367794508
43 60        0.355943746
43 40        0.322501597
43 55        0.331658702
43 56        0.196312073
43 58        0.239443352
43 52        0.317576545
43 62        0.327916159
44 91        0.405233108
44 53        0.310154252
44 36        0.300303217
44 59        0.291553315
44 46        0.217125114
44 38       0.0613879335
44 83         0.23584343
44 75        0.249908972
45 103        0.501116069
45 104         0.46046734
45 84        0.210663523
45 102        0.413468846
45 47       0.0412258191
45 51       0.0673080517
45 78        0.169826307
45 49        0.256149858
46 83         0.36970992
46 36        0.325894235
46 58        0.288187721
46 38        0.222422137
46 75        0.181493461
46 53        0.103620539
46 60        0.214581567
46 44        0.217125114
47 103        0.504055758
47 104        0.419404328
47 84        0.169452462
47 102         0.39603548
47 51       0.0846646649
47 78        0.155255374
47 45       0.0412258191
47 49        0.283681929
48 87        0.434849272
48 66        0.419034949
48 39         0.28924461
48 81        0.392449775
48 50        0.195975979
48 79        0.237636256
48 61         0.19039295
48 88        0.366519655
49 80        0.380208503
49 41        0.345470141
49 74        0.322742581
49 103        0.333467097
49 47        0.283681929
49 51        0.199831655
49 78        0.242805745
49 45        0.256149858
50 90        0.357924538
50 87        0.344434545
50 61        0.318528014
50 93        0.338701747
50 79        0.159294885
50 81        0.250487976
50 48        0.195975979
50 88        0.335911545
51 104        0.481848777
51 103        0.434562425
51 49        0.199831655
51 102        0.362284457
51 47       0.0846646649
51 78        0.123032024
51 45       0.0673080517
51 84        0.230285544
52 71         0.12901875
52 55        0.127923264
52 56        0.127177274
52 62        0.119909942
52 65       0.0971897023
52 70        0.104961357
52 57       0.0509098566
52 63        0.115464435
53 56        0.391941288
53 43        0.371703092
53 58        0.191637608
53 38        0.323419026
53 46        0.103620539
53 60        0.112240968
53 75        0.177814541
53 44        0.310154252
54 59        0.527838509
54 61        0.511903114
54 25        0.510785721
54 35        0.443622962
54 66        0.359215109
54 34        0.313864378
54 39        0.418281267
54 29        0.436760752
55 56        0.193351491
55 65        0.188260299
55 64        0.156049886
55 67         0.18344275
55 52        0.127923264
55 57        0.133423456
55 63        0.141107519
55 68        0.157072923
56 65        0.216171668
56 58        0.201590083
56 70        0.182738363
56 43        0.196312073
56 62        0.142779727
56 57        0.178020029
56 52        0.127177274
56 55        0.193351491
57 76        0.116107663
57 70        0.102465795
57 71       0.0841050803
57 64       0.0986947829
57 52       0.0509098566
57 63       0.0673015394
57 65       0.0573583919
57 67       0.0860979893
58 52        0.297867165
58 70         0.28256967
58 46        0.288187721
58 43        0.239443352
58 60        0.125761125
58 56        0.201590083
58 53        0.191637608
58 62        0.217325843
59 91         0.49281262
59 30        0.460855135
59 32        0.441038065
59 36         0.45539977
59 38        0.297829483
59 35         0.33523065
59 44        0.291553315
59 83        0.320017157
60 70        0.354689309
60 89        0.328621285
60 46        0.214581567
60 56        0.320150572
60 75        0.214064717
60 53        0.112240968
60 58        0.125761125
60 62         0.29439766
61 87        0.380037523
61 50        0.318528014
61 39         0.33137927
61 97        0.294212239
61 66        0.239547081
61 79        0.246482231
61 48         0.19039295
61 88        0.270378201
62 82        0.179383889
62 71        0.166385511
62 57         0.14259521
62 89        0.148934154
62 52        0.119909942
62 65        0.137927929
62 70       0.0652812273
62 56        0.142779727
63 65       0.0783188639
63 71       0.0775302153
63 57       0.0673015394
63 76       0.0671767444
63 64       0.0314130986
63 68       0.0631519091
63 67       0.0428330336
63 69       0.0667475783
64 57       0.0986947829
64 71       0.0917418201
64 67       0.0471010972
64 73       0.0632116263
64 63       0.0314130986
64 69       0.0401855191
64 68       0.0354572914
64 76       0.0571955253
65 85       0.0924649213
65 76       0.0877923705
65 82       0.0730786292
65 70        0.078033527
65 63       0.0783188639
65 71       0.0337127226
65 67       0.0640854191
65 57       0.0573583919
66 39        0.420906036
66 48        0.419034949
66 110        0.323201694
66 113        0.383045306
66 88        0.396746313
66 97        0.259899733
66 61        0.239547081
66 54        0.359215109
67 68       0.0807993372
67 65       0.0640854191
67 69       0.0533176837
67 64       0.0471010972
67 73       0.0458571234
67 63       0.0428330336
67 76       0.0300585243
67 71       0.0456826992
68 71        0.126268387
68 76       0.0825851823
68 77       0.0933035435
68 73       0.0822546544
68 63       0.0631519091
68 64       0.0354572914
68 69       0.0493719183
68 67       0.0807993372
69 96        0.115847168
69 71       0.0957619779
69 67       0.0533176837
69 63       0.0667475783
69 73       0.0338474446
69 68       0.0493719183
69 76       0.0391643681
69 64       0.0401855191
70 89        0.135788584
70 85        0.134155513
70 82        0.114460479
70 52        0.104961357
70 71        0.102863292
70 62       0.0652812273
70 65        0.078033527
70 57        0.102465795
71 57       0.0841050803
71 63       0.0775302153
71 76       0.0605201315
71 73       0.0756728751
71 65       0.0337127226
71 82       0.0475599813
71 67       0.0456826992
71 85       0.0639564187
72 63        0.286003921
72 42        0.281321288
72 69        0.279162746
72 55        0.246814756
72 64        0.268407183
72 77          0.1665857
72 100        0.223549098
72 68        0.235449095
73 85       0.0889139923
73 68       0.0822546544
73 71       0.0756728751
73 63       0.0791110551
73 67       0.0458571234
73 69       0.0338474446
73 76       0.0164992138
73 64       0.0632116263
74 42        0.430320195
74 72        0.365034221
74 101        0.276714413
74 41        0.309330376
74 49        0.322742581
74 103        0.224548823
74 80        0.123814118
74 100        0.158949259
75 108        0.316841706
75 38        0.294514489
75 91        0.309252477
75 44        0.249908972
75 83        0.258698319
75 46        0.181493461
75 53        0.177814541
75 60        0.214064717
76 68       0.0825851823
76 63       0.0671767444
76 82       0.0815684571
76 71       0.0605201315
76 73       0.0164992138
76 67       0.0300585243
76 69       0.0391643681
76 64       0.0571955253
77 67        0.170133047
77 72          0.1665857
77 64        0.128296512
77 76        0.162110594
77 63        0.156164311
77 69        0.122948196
77 68       0.0933035435
77 73        0.154202343
78 104        0.425451673
78 103        0.362279085
78 84        0.197015911
78 102        0.243645705
78 47        0.155255374
78 51        0.123032024
78 45        0.169826307
78 49        0.242805745
79 94        0.315281253
79 61        0.246482231
79 87         0.20297281
79 48        0.237636256
79 50        0.159294885
79 88        0.176636374
79 81        0.162379794
79 93        0.229684978
80 41        0.432737597
80 72        0.410058785
80 100        0.187006029
80 102        0.390404162
80 103        0.143505663
80 101        0.169041556
80 74        0.123814118
80 49        0.380208503
81 88        0.215839273
81 90        0.199478507
81 92        0.175686429
81 95        0.198563429
81 87        0.134444662
81 94        0.154344701
81 93       0.0898319581
81 79        0.162379794
82 70        0.114460479
82 73       0.0905944657
82 67       0.0831064513
82 76       0.0815684571
82 71       0.0475599813
82 86       0.0501401532
82 85       0.0206858591
82 65       0.0730786292
83 108        0.349826181
83 59        0.320017157
83 38        0.295280256
83 106        0.309742744
83 75        0.258698319
83 91        0.186706166
83 44         0.23584343
83 99        0.270017909
84 139         0.42806952
84 49        0.418581821
84 51        0.230285544
84 102        0.361741083
84 47        0.169452462
84 78        0.197015911
84 45        0.210663523
84 104        0.252090789
85 98        0.104574101
85 65       0.0924649213
85 67       0.0919451114
85 73       0.0889139923
85 71       0.0639564187
85 82       0.0206858591
85 86       0.0295342702
85 76       0.0834447151
86 67        0.107687043
86 96       0.0947773111
86 76        0.091270762
86 73       0.0914132926
86 71       0.0890914311
86 82       0.0501401532
86 85       0.0295342702
86 98       0.0834038741
87 90        0.305070681
87 95        0.229602198
87 92         0.21819365
87 79         0.20297281
87 94        0.192525468
87 93       0.0923288146
87 88        0.124918284
87 81        0.134444662
88 50        0.335911545
88 61        0.270378201
88 94         0.31497746
88 97        0.216335764
88 87        0.124918284
88 81        0.215839273
88 93        0.211937693
88 79        0.176636374
89 71        0.194874284
89 86        0.192367829
89 82        0.168450659
89 65        0.190184236
89 98        0.191822509
89 62        0.148934154
89 70        0.135788584
89 85        0.175735648
90 50        0.357924538
90 79        0.343602831
90 93        0.215691528
90 87        0.305070681
90 94         0.14890765
90 92        0.138168949
90 95        0.156037657
90 81        0.199478507
91 136        0.455709037
91 44        0.405233108
91 83        0.186706166
91 107        0.391122673
91 75        0.309252477
91 106        0.174265031
91 99       0.0848398738
91 108        0.199006745
92 88        0.340809313
92 79        0.337622226
92 93        0.129245631
92 87         0.21819365
92 90        0.138168949
92 94        0.025837425
92 95       0.0256013775
92 81        0.175686429
93 79        0.229684978
93 90        0.215691528
93 92        0.129245631
93 88        0.211937693
93 87       0.0923288146
93 94        0.103434046
93 81       0.0898319581
93 95        0.144434603
94 79        0.315281253
94 88         0.31497746
94 93        0.103434046
94 87        0.192525468
94 90         0.14890765
94 92        0.025837425
94 95       0.0444693392
94 81        0.154344701
95 79         0.35974067
95 88        0.353744803
95 93        0.144434603
95 87        0.229602198
95 90        0.156037657
95 94       0.0444693392
95 92       0.0256013775
95 81        0.198563429
96 67        0.139354504
96 98        0.129793566
96 82        0.134928292
96 85        0.118277522
96 73        0.095644539
96 69        0.115847168
96 86       0.0947773111
96 76        0.109592465
97 113        0.405339383
97 79        0.365056998
97 105        0.232930938
97 87        0.323112106
97 66        0.259899733
97 110        0.195566589
97 88        0.216335764
97 61        0.294212239
98 67        0.191090909
98 76        0.173269864
98 96        0.129793566
98 71        0.168530327
98 73        0.170708173
98 82        0.122661945
98 86       0.0834038741
98 85        0.104574101
99 112        0.426581451
99 107        0.387256099
99 83        0.270017909
99 136        0.381830332
99 75        0.347879103
99 106        0.172899073
99 91       0.0848398738
99 108        0.140486285
100 42         0.37992285
100 41          0.3798147
100 103        0.329587014
100 101        0.238667308
100 74        0.158949259
100 80        0.187006029
100 77        0.311703931
100 72        0.223549098
101 72        0.418205786
101 114        0.351342481
101 118        0.398144032
101 126          0.3032703
101 100        0.238667308
101 103        0.247831672
101 80        0.169041556
101 74        0.276714413
102 51        0.362284457
102 84        0.361741083
102 119        0.358408105
102 139        0.294243495
102 120        0.238146245
102 118        0.294686025
102 78        0.243645705
102 103        0.246899728
103 78        0.362279085
103 118        0.347855708
103 49        0.333467097
103 100        0.329587014
103 101        0.247831672
103 80        0.143505663
103 74        0.224548823
103 102        0.246899728
104 45         0.46046734
104 148        0.457389333
104 130        0.413780552
104 78        0.425451673
104 47        0.419404328
104 116        0.236429713
104 139         0.37411016
104 84        0.252090789
105 113        0.440072104
105 115        0.422282323
105 88        0.341517124
105 123        0.416527848
105 87        0.380826786
105 97        0.232930938
105 110        0.214602537
105 117        0.369316346
106 122        0.346046546
106 109        0.339046322
106 83        0.309742744
106 125         0.32082043
106 99        0.172899073
106 107        0.218682646
106 91        0.174265031
106 108        0.309197228
107 91        0.391122673
107 128        0.302710245
107 99        0.387256099
107 121        0.295996231
107 109        0.215156209
107 106        0.218682646
107 122        0.160559508
107 125         0.22649823
108 60        0.433025376
108 136        0.407623301
108 83        0.349826181
108 75        0.316841706
108 99        0.140486285
108 106        0.309197228
108 91        0.199006745
108 112        0.286112656
109 115        0.448794793
109 125         0.43788184
109 106        0.339046322
109 117        0.399432509
109 107        0.215156209
109 113        0.254556198
109 122        0.335861207
109 121        0.345806321
110 61        0.461496619
110 88        0.404516158
110 66        0.323201694
110 115        0.400177834
110 105        0.214602537
110 113        0.238099577
110 97        0.195566589
110 117        0.317649289
111 76        0.284042996
111 73        0.271043619
111 82        0.283643512
111 85        0.263078821
111 114         0.25454086
111 98        0.191970539
111 96         0.17580205
111 86        0.233544634
112 75        0.420635325
112 70        0.401877145
112 60        0.382537618
112 62        0.396701095
112 98        0.378330784
112 89        0.267851247
112 108        0.286112656
112 142        0.357542078
113 105        0.440072104
113 121        0.411240132
113 109        0.254556198
113 115        0.398102936
113 97        0.405339383
113 110        0.238099577
113 117        0.314887631
113 66        0.383045306
114 140        0.393315537
114 96        0.389523811
114 141        0.356857966
114 101        0.351342481
114 135        0.277575943
114 111         0.25454086
114 126        0.194596024
114 132        0.226171575
115 137        0.350674629
115 155        0.329581155
115 123        0.249952506
115 143        0.291486858
115 121        0.188723373
115 117       0.0879715118
115 158        0.248549359
115 133        0.250241035
116 84         0.48517459
116 139        0.416540451
116 124        0.402717885
116 151        0.391193996
116 130        0.196852699
116 104        0.236429713
116 129         0.31732409
116 148        0.368819284
117 105        0.369316346
117 158        0.330413013
117 133        0.324443831
117 110        0.317649289
117 121        0.217959875
117 115       0.0879715118
117 123        0.303055877
117 113        0.314887631
118 126        0.352511008
118 103        0.347855708
118 102        0.294686025
118 140        0.299839143
118 120        0.200585862
118 119         0.25359994
118 134        0.255714436
118 127        0.293067753
119 147        0.297099333
119 134        0.267080285
119 118         0.25359994
119 148        0.250073141
119 120        0.120603026
119 139        0.177189492
119 127        0.190241391
119 146        0.241794231
120 146         0.36080328
120 134        0.327861188
120 102        0.238146245
120 148        0.326457889
120 119        0.120603026
120 118        0.200585862
120 139        0.153199211
120 127        0.285518316
121 107        0.295996231
121 143        0.290609351
121 117        0.217959875
121 137        0.245062654
121 122        0.208340095
121 115        0.188723373
121 133        0.178205026
121 128        0.235343934
122 109        0.335861207
122 133        0.282753838
122 137        0.269662782
122 145        0.279314183
122 121        0.208340095
122 125        0.143049709
122 128         0.14286001
122 107        0.160559508
123 163        0.388346288
123 167        0.384934967
123 133        0.377777235
123 117        0.303055877
123 158        0.152458585
123 143        0.322018582
123 115        0.249952506
123 155        0.281639226
124 151        0.618046739
124 104        0.573631542
124 144        0.467046423
124 169        0.523732347
124 130        0.445209731
124 116        0.402717885
124 129        0.304452524
124 171        0.522625436
125 137          0.3215786
125 106         0.32082043
125 136        0.212371873
125 159        0.311508302
125 145        0.268444497
125 122        0.143049709
125 128        0.175683526
125 107         0.22649823
126 134        0.420846351
126 118        0.352511008
126 132        0.353857672
126 135        0.324669093
126 140         0.22242574
126 114        0.194596024
126 141        0.298922347
126 101          0.3032703
127 168        0.292144492
127 120        0.285518316
127 149        0.240757094
127 119        0.190241391
127 156        0.151593341
127 134        0.116869134
127 147        0.149973525
127 146        0.143738535
128 162        0.282356294
128 159        0.245906492
128 125        0.175683526
128 121        0.235343934
128 133        0.202896933
128 137        0.146921367
128 145        0.137621028
128 122         0.14286001
129 164        0.485487385
129 171        0.476640909
129 169        0.304963962
129 175        0.453534119
129 116         0.31732409
129 130        0.211715321
129 124        0.304452524
129 151        0.328233755
130 124        0.445209731
130 139         0.43637062
130 104        0.413780552
130 164         0.39163663
130 148        0.284201752
130 116        0.196852699
130 129        0.211715321
130 151        0.204568898
131 200          0.5076648
131 171        0.501995104
131 176        0.382109811
131 207        0.482240119
131 157        0.139372455
131 154        0.275383865
131 165        0.248684952
131 144        0.250865896
132 111        0.320804112
132 141        0.302488378
132 152        0.237676034
132 138        0.243066055
132 114        0.226171575
132 150        0.233186405
132 135        0.136874807
132 153         0.23697646
133 115        0.250241035
133 145        0.228725233
133 162        0.169917388
133 155         0.22037265
133 137        0.101936717
133 143        0.126433873
133 121        0.178205026
133 128        0.202896933
134 119        0.267080285
134 118        0.255714436
134 147        0.231551334
134 146        0.251484814
134 156        0.179043552
134 149        0.151642794
134 140        0.226009094
134 127        0.116869134
135 114        0.277575943
135 150        0.262244097
135 170        0.253939272
135 160        0.198204713
135 153        0.171199758
135 152        0.208780741
135 141        0.171961531
135 132        0.136874807
136 174        0.390622175
136 99        0.381830332
136 122        0.354389203
136 106        0.363709278
136 128         0.36114374
136 125        0.212371873
136 172        0.302759815
136 159        0.361079116
137 159        0.256604449
137 121        0.245062654
137 143        0.170388446
137 173        0.228939989
137 133        0.101936717
137 162        0.138387096
137 145        0.128150508
137 128        0.146921367
138 181        0.362606397
138 142        0.361030369
138 166        0.338418146
138 135        0.347136004
138 153        0.322943878
138 152         0.27232849
138 150        0.177888002
138 132        0.243066055
139 146         0.38528175
139 104         0.37411016
139 118        0.353770621
139 127        0.365916899
139 120        0.153199211
139 102        0.294243495
139 119        0.177189492
139 148        0.225738426
140 135         0.36948822
140 156        0.367078463
140 141        0.234918707
140 127        0.342349224
140 118        0.299839143
140 134        0.226009094
140 149        0.198879986
140 126         0.22242574
141 126        0.298922347
141 204         0.28257828
141 170        0.279219771
141 153          0.2694127
141 140        0.234918707
141 135        0.171961531
141 160        0.167481409
141 180        0.249110766
142 174        0.534354962
142 150        0.492898066
142 172        0.383033236
142 108         0.48348292
142 136        0.478800375
142 138        0.361030369
142 181        0.353171628
142 112        0.357542078
143 173        0.263813191
143 1823        0.251878963
143 158        0.175759101
143 167        0.171259252
143 133        0.126433873
143 137        0.170388446
143 155       0.0961847722
143 162         0.11238241
144 169        0.587563111
144 207        0.493166664
144 154        0.520590756
144 124        0.467046423
144 157        0.383327746
144 131        0.250865896
144 165        0.293689393
144 171        0.335259992
145 122        0.279314183
145 125        0.268444497
145 173        0.207024379
145 133        0.228725233
145 159        0.131898476
145 137        0.128150508
145 128        0.137621028
145 162        0.210011319
146 168        0.305041441
146 148        0.289672118
146 127        0.143738535
146 191        0.275511124
146 156        0.162822132
146 147       0.0751202072
146 119        0.241794231
146 134        0.251484814
147 119        0.297099333
147 149        0.282901142
147 127        0.149973525
147 191        0.247252924
147 156       0.0964843269
147 146       0.0751202072
147 168         0.23106624
147 134        0.231551334
148 127        0.359262147
148 164         0.33406164
148 146        0.289672118
148 120        0.326457889
148 130        0.284201752
148 119        0.250073141
148 139        0.225738426
148 151        0.238554158
149 204        0.313951323
149 179        0.307289029
149 147        0.282901142
149 127        0.240757094
149 156        0.190675684
149 140        0.198879986
149 134        0.151642794
149 168         0.18050752
150 195         0.27847026
150 135        0.262244097
150 170        0.264131393
150 132        0.233186405
150 153         0.16370765
150 152        0.102789407
150 166        0.163828253
150 138        0.177888002
151 146        0.411171539
151 116        0.391193996
151 175        0.330795961
151 129        0.328233755
151 164        0.187133887
151 184        0.298072882
151 130        0.204568898
151 148        0.238554158
152 195        0.248584302
152 132        0.237676034
152 170        0.163502903
152 160        0.222007839
152 153       0.0642103447
152 166        0.116666567
152 135        0.208780741
152 150        0.102789407
153 141          0.2694127
153 132         0.23697646
153 166        0.148758794
153 135        0.171199758
153 152       0.0642103447
153 170         0.12004065
153 160        0.158680012
153 150         0.16370765
154 207        0.536837619
154 144        0.520590756
154 131        0.275383865
154 211        0.415983457
154 157        0.137404591
154 176        0.187052967
154 200        0.262579196
154 165        0.374725199
155 137        0.262812097
155 1823        0.256466954
155 158        0.130284931
155 182        0.247978615
155 162        0.166775395
155 167        0.116752904
155 143       0.0961847722
155 133         0.22037265
156 191        0.298333869
156 179        0.265435495
156 149        0.190675684
156 134        0.179043552
156 146        0.162822132
156 147       0.0964843269
156 168        0.149958694
156 127        0.151593341
157 211        0.546821618
157 207         0.47798847
157 176        0.257794332
157 144        0.383327746
157 154        0.137404591
157 131        0.139372455
157 165        0.275231019
157 200        0.373287083
158 117        0.330413013
158 162        0.280386835
158 167        0.240025835
158 133        0.258693637
158 123        0.152458585
158 143        0.175759101
158 155        0.130284931
158 115        0.248549359
159 1823        0.308963249
159 162        0.300834152
159 137        0.256604449
159 178        0.299738097
159 197        0.214128523
159 128        0.245906492
159 145        0.131898476
159 173        0.222743185
160 166          0.2665164
160 204        0.246826515
160 152        0.222007839
160 135        0.198204713
160 153        0.158680012
160 141        0.167481409
160 170        0.115811033
160 180        0.139345321
161 158        0.503974758
161 248        0.487475621
161 188        0.176682802
161 214        0.443544509
161 206        0.317845201
161 163       0.0821104482
161 199        0.221172087
161 123        0.416358831
162 145        0.210011319
162 133        0.169917388
162 167        0.160582793
162 155        0.166775395
162 173        0.152193411
162 137        0.138387096
162 143         0.11238241
162 1823        0.156234412
163 158        0.454335357
163 248        0.442345684
163 188        0.105303387
163 123        0.388346288
163 206        0.251658411
163 161       0.0821104482
163 199        0.209643391
163 214        0.368414015
164 205        0.339742085
164 148         0.33406164
164 183        0.275402858
164 191        0.279916207
164 151        0.187133887
164 184        0.147976651
164 175        0.261812505
164 194        0.272015859
165 238        0.419585806
165 154        0.374725199
165 176        0.351855172
165 171        0.332691165
165 157        0.275231019
165 131        0.248684952
165 207        0.235913054
165 144        0.293689393
166 138        0.338418146
166 135         0.31761418
166 170        0.162591948
166 160          0.2665164
166 153        0.148758794
166 152        0.116666567
166 195        0.131927879
166 150        0.163828253
167 173        0.232101476
167 143        0.171259252
167 189        0.194413145
167 162        0.160582793
167 1823        0.166373091
167 182        0.146983511
167 193        0.188638889
167 155        0.116752904
168 204        0.316024537
168 127        0.292144492
168 146        0.305041441
168 134        0.271584069
168 156        0.149958694
168 149         0.18050752
168 147         0.23106624
168 179        0.135216742
169 196        0.335543001
169 209        0.311912234
169 175        0.291810365
169 129        0.304963962
169 177        0.285069137
169 187        0.231457994
169 186         0.28187658
169 171        0.300621309
170 150        0.264131393
170 135        0.253939272
170 152        0.163502903
170 195        0.244174995
170 153         0.12004065
170 166        0.162591948
170 160        0.115811033
170 180        0.183621176
171 196        0.456236591
171 187        0.446503104
171 207        0.345574198
171 186        0.409604893
171 144        0.335259992
171 165        0.332691165
171 169        0.300621309
171 209        0.308598783
172 210        0.444638021
172 208        0.439642217
172 142        0.383033236
172 219        0.424133783
172 192        0.351418362
172 136        0.302759815
172 174        0.157991565
172 159        0.402833893
173 137        0.228939989
173 159        0.222743185
173 145        0.207024379
173 201        0.213017938
173 189        0.183432672
173 178        0.146008535
173 1823       0.0862417151
173 162        0.152193411
174 208        0.416880405
174 136        0.390622175
174 197        0.314250904
174 159        0.331320294
174 210        0.294776502
174 192        0.193557574
174 172        0.157991565
174 219        0.322710209
175 164        0.261812505
175 205        0.229757418
175 184        0.156763821
175 187        0.203080127
175 185        0.149533287
175 183        0.153446437
175 177        0.107734398
175 190        0.181870412
176 207        0.429662077
176 238        0.385713794
176 131        0.382109811
176 165        0.351855172
176 157        0.257794332
176 154        0.187052967
176 200        0.141670736
176 211        0.345744906
177 205        0.226735832
177 186        0.223744694
177 183        0.177456502
177 218        0.196765332
177 185       0.0678013479
177 190        0.111948547
177 175        0.107734398
177 187        0.112975788
178 193        0.227776458
178 222        0.227097043
178 197        0.181275767
178 173        0.146008535
178 189        0.143732634
178 201       0.0909925475
178 198        0.106851193
178 1823        0.144226415
179 204        0.322450996
179 239         0.31755187
179 147        0.322148255
179 191        0.317181794
179 156        0.265435495
179 149        0.307289029
179 168        0.135216742
179 236        0.271798679
180 135         0.33418246
180 245        0.308612873
180 170        0.183621176
180 239        0.303975326
180 153        0.280511378
180 204        0.133304687
180 160        0.139345321
180 141        0.249110766
181 152        0.418956688
181 166        0.366892045
181 150        0.346958356
181 138        0.362606397
181 223        0.333738157
181 208         0.30111208
181 195        0.345663962
181 142        0.353171628
182 201        0.264933472
182 155        0.247978615
182 1823        0.224025456
182 217        0.208125376
182 189        0.169146377
182 167        0.146983511
182 193       0.0984646144
182 213        0.172678784
183 218        0.241335946
183 194        0.210022364
183 175        0.153446437
183 177        0.177456502
183 205       0.0816249453
183 184         0.12750732
183 190        0.140842639
183 185        0.150064598
184 190        0.254741383
184 185        0.247658435
184 175        0.156763821
184 177        0.242603038
184 205        0.196279085
184 183         0.12750732
184 164        0.147976651
184 194        0.200945668
185 225        0.226517776
185 205        0.177352324
185 183        0.150064598
185 187        0.151331169
185 190       0.0444104461
185 177       0.0678013479
185 175        0.149533287
185 218        0.137934954
186 218        0.247628443
186 185         0.24079352
186 187        0.118207259
186 177        0.223744694
186 209        0.150681776
186 215        0.112492883
186 196       0.0549129633
186 216        0.186542866
187 218        0.221257613
187 175        0.203080127
187 215        0.195707372
187 190        0.189041238
187 196        0.148787538
187 186        0.118207259
187 177        0.112975788
187 185        0.151331169
188 233        0.401053354
188 213        0.398580442
188 161        0.176682802
188 248        0.346713327
188 199        0.169957545
188 163        0.105303387
188 206        0.146491145
188 214        0.266878513
189 228        0.214238252
189 167        0.194413145
189 1823        0.107843034
189 173        0.183432672
189 178        0.143732634
189 201         0.10674227
189 193       0.0873981814
189 182        0.169146377
190 225        0.201207323
190 187        0.189041238
190 175        0.181870412
190 205        0.147553709
190 183        0.140842639
190 218        0.110540997
190 185       0.0444104461
190 177        0.111948547
191 179        0.317181794
191 156        0.298333869
191 146        0.275511124
191 164        0.279916207
191 203        0.211960644
191 147        0.247252924
191 194        0.209655235
191 212        0.239081851
192 172        0.351418362
192 159        0.346886226
192 197        0.205006582
192 198        0.326830724
192 174        0.193557574
192 210        0.130058481
192 227        0.267376017
192 219        0.271189263
193 213        0.220068998
193 228        0.193795684
193 1823        0.178494532
193 167        0.188638889
193 201         0.16892761
193 189       0.0873981814
193 182       0.0984646144
